995	17	0.465370
717	13	0.037350
4919	10	0.329891
1749	12	0.996301
4874	4	1.262267
46	14	0.393853
744	17	1.311605
3671	0	1.198532
2248	11	0.828343
509	0	0.523509
4294	9	0.414209
3706	7	0.642233
1600	1	0.370584
3515	2	1.038291
2428	9	0.913306
3881	4	0.505939
2056	10	1.499786
3570	19	0.801257
4160	6	1.194814
1149	19	0.868294
476	14	0.564452
4045	4	1.110669
4113	1	1.399454
1382	11	0.248918
2420	13	1.149356
595	14	0.799825
4386	16	0.433719
978	11	0.799158
1521	7	1.109234
4890	12	0.259005
4701	2	0.903994
778	7	0.103593
2740	3	0.546035
902	12	1.396222
3419	15	0.733729
4554	19	0.219648
82	18	0.350605
246	17	0.491453
1522	9	0.386699
4241	3	0.464097
2141	13	0.136477
3582	12	1.260674
4925	18	0.293323
1083	6	0.885185
2013	4	0.149228
4736	12	0.708034
812	7	0.870065
1976	5	0.448129
2795	5	1.476719
4161	7	0.625627
3284	0	1.241900
4008	4	0.404759
923	4	0.511390
1191	7	1.087048
1721	3	0.247219
4174	5	0.094602
2640	7	1.360820
797	11	0.804768
3376	14	0.945181
112	12	1.203116
1750	6	0.959655
1449	16	0.367610
4255	14	0.793195
448	18	1.179517
1944	10	0.122449
1246	10	0.466409
3007	5	0.106150
1644	12	0.600372
1160	12	1.213466
765	2	0.548343
4467	5	1.187136
267	10	0.584089
684	13	0.666381
1616	3	0.140085
3616	12	0.145188
1397	8	0.694932
2057	12	0.944005
68	4	0.647964
2350	7	1.041170
1252	7	1.136130
4844	2	1.306726
4498	7	0.615330
2829	19	0.309701
2383	19	1.220525
2759	11	0.722614
2791	11	1.222231
143	9	0.164905
2072	2	0.845870
4700	0	0.685434
1376	1	1.087792
4741	12	1.180455
3258	18	1.337176
170	12	0.515079
2740	4	1.189525
4119	16	0.149537
2295	0	0.724244
2613	15	1.332187
3952	18	0.515426
3609	5	0.948133
349	0	0.165699
2947	16	0.740501
896	3	0.954249
3725	17	0.427520
3055	1	0.534355
2779	13	1.443843
1208	9	0.314710
1165	19	0.087343
661	13	0.439437
2866	14	1.009939
3667	11	0.016452
1570	13	0.099824
2520	12	0.743609
4356	11	1.495579
867	3	0.697850
3717	16	0.493209
4403	6	0.738022
2900	5	1.159298
2091	14	0.455438
3921	0	0.260945
1117	8	1.234430
2723	5	0.619592
1727	6	0.811750
2682	8	0.603977
4328	9	0.550596
963	16	1.341026
2570	4	0.677494
2431	9	1.269074
1595	18	0.572705
3277	5	1.486298
173	18	1.158768
4719	3	1.235719
1401	3	0.123084
2405	8	0.603597
3299	6	0.750063
4435	16	1.409659
4259	11	1.281569
268	3	0.621101
551	15	1.440869
4818	8	0.573916
4843	8	1.022581
1959	5	0.490295
2364	15	0.502812
3587	3	1.125404
2641	0	0.441822
331	9	1.461022
890	0	1.035995
4211	8	1.342240
84	9	0.302050
2621	5	0.303320
2803	6	0.279734
386	4	0.058281
2386	16	1.158553
4772	14	1.281478
4000	0	1.066646
3786	6	0.258884
4537	16	1.462827
1978	5	1.333764
2656	12	0.348543
1018	6	1.455937
3379	8	0.716307
4209	8	1.468497
2387	5	1.465327
195	11	0.640321
2281	7	0.337578
3043	9	0.828806
2622	5	1.189959
1093	2	0.856056
4585	5	0.878888
268	11	0.383503
4776	5	0.084921
4619	18	1.400086
1349	5	1.099144
4287	16	1.075053
652	9	0.759360
4638	16	1.171292
2726	12	0.500912
3146	19	0.074346
59	6	1.431310
4517	17	0.451344
2228	4	0.670592
1328	19	0.063732
3269	8	1.369859
3599	0	0.192424
4240	10	0.123134
1628	8	1.203718
3066	6	1.242653
661	11	0.298522
2971	3	0.575772
2676	1	1.248372
2123	3	0.084636
320	4	0.457597
2322	16	0.162116
1613	3	1.320554
3102	15	0.209674
274	13	0.778556
4966	1	1.479543
637	1	0.646245
4042	18	1.013474
3885	9	1.087875
3598	18	0.862691
906	7	0.904919
544	4	0.969710
4934	8	0.821944
4438	1	0.619684
3433	14	1.080348
3856	17	0.712464
1197	1	0.196593
1791	11	0.287790
3652	18	0.169694
1603	12	0.629892
3051	16	0.204790
1504	14	1.044236
1454	12	0.220642
1732	7	0.077174
1277	9	0.871949
4791	12	0.254887
4419	4	0.582799
2776	3	1.187202
2006	14	0.300688
2184	16	1.271980
4524	11	1.143170
3119	4	0.444042
1511	12	1.078862
3535	6	0.240425
1	11	1.350272
2855	10	1.434223
3847	3	0.552673
3782	19	0.994881
4424	14	0.736590
1113	7	0.191138
3446	10	0.746650
4721	16	0.063384
3059	16	0.123055
2201	1	0.063340
2502	12	0.641071
4994	11	0.073638
1371	0	0.933449
1808	2	0.165701
4709	4	1.108304
270	4	0.620362
569	8	0.971017
339	17	0.526842
4925	17	0.985519
2821	9	0.758302
158	5	0.018402
799	9	0.652285
701	10	0.923827
4846	2	1.007296
3495	16	0.416323
1481	15	1.209195
864	16	0.287246
3198	1	0.784235
257	10	0.481995
4656	0	1.447126
3360	10	1.057505
3241	1	0.573011
2448	19	0.544286
3940	8	0.761763
1957	18	0.805530
2426	9	0.832936
125	1	0.256488
1	2	0.629075
661	15	0.369738
4600	17	1.451417
1648	4	0.653886
1910	4	1.238220
437	16	1.481855
2667	18	1.405832
3799	13	0.429958
269	1	0.498830
4519	16	0.152369
3134	17	0.129836
2238	15	0.249568
4563	19	0.984010
4906	15	0.487819
531	17	0.177731
2278	3	0.996533
139	0	1.048623
3393	1	0.980964
3464	10	0.511366
3775	6	0.460533
3452	8	0.810354
3790	0	0.584232
116	1	0.320183
4453	5	1.403069
458	9	1.237841
3082	13	1.039616
2110	12	1.480991
4722	14	0.000524
1711	2	0.677093
3696	11	1.459319
1945	3	1.055126
719	5	0.695087
34	18	0.292138
1037	3	0.896854
4462	7	1.017857
326	17	0.502795
1088	8	1.409064
4589	17	0.644609
2994	3	0.091578
4545	2	1.284839
4492	6	0.444750
1141	14	0.770766
4817	1	0.578499
4162	4	1.212737
2553	4	0.990841
2470	12	0.174712
2435	13	0.179384
191	8	1.349890
2337	16	0.642241
327	14	0.896101
702	10	0.480114
1376	14	1.332325
4493	12	0.293762
2324	15	1.291692
383	18	0.567249
632	7	1.283280
218	18	0.664775
2605	11	0.040063
1296	5	1.436843
1043	0	0.857986
2239	19	0.948830
4900	11	0.185563
991	16	0.948902
4544	16	0.835039
321	0	0.676996
780	15	0.285492
968	2	0.083607
1940	5	0.662333
3038	19	1.250553
1405	1	0.957857
3496	2	0.531086
3987	17	1.099777
121	10	0.712059
2100	14	0.241912
4229	17	1.257987
2747	17	0.244460
3054	9	0.626911
1815	2	1.143443
2374	7	0.011604
1155	14	0.275995
1489	0	1.381750
2902	1	0.045758
3690	14	0.184353
4622	8	1.480975
436	11	0.314004
908	5	0.328799
4566	2	0.661306
3619	19	0.040129
3499	15	0.143819
4380	2	0.604599
981	17	0.906608
2551	8	0.073836
4166	14	1.116289
4439	9	0.857233
2798	5	0.069966
3385	11	0.426334
2692	6	0.479527
3998	16	0.201909
425	10	0.103128
4543	12	1.362267
1412	16	1.241864
3737	19	0.910422
116	3	0.360041
4890	6	1.376457
4006	16	0.678433
330	13	0.594967
3460	17	0.995036
3086	6	0.508601
197	6	0.287830
4738	10	0.720333
2402	2	0.008563
1015	19	1.349945
1430	2	1.382830
2223	8	0.195598
1313	10	1.457521
4533	7	0.273553
449	0	1.488318
550	11	0.184494
2812	5	0.424235
1472	11	0.259235
3648	11	0.174961
4791	4	0.641675
2484	6	0.842027
2277	17	1.199573
2884	4	1.026595
206	15	0.543465
1251	15	1.334880
3168	10	1.402706
4765	8	0.225804
622	19	0.423577
148	5	0.553347
4608	18	0.183649
2041	16	0.935721
4425	14	1.326613
3961	7	0.226073
3934	10	0.925713
2727	18	1.068077
4896	2	0.578053
396	3	0.806333
4817	14	1.195690
3679	12	0.258938
1957	17	0.896075
4815	11	0.615993
2439	7	1.205473
2558	5	0.130209
4419	12	1.073000
2007	15	0.272554
2930	16	0.199985
2397	3	0.976201
2123	9	0.977947
4404	16	0.048665
2224	3	0.631737
4351	8	1.323064
3736	10	1.481134
2277	1	1.253176
1700	18	0.131568
1736	18	0.566639
1848	2	0.674999
183	14	0.855715
4584	18	0.209116
2984	5	0.555278
1484	19	1.446023
4281	8	0.150244
877	14	0.772781
2545	2	1.088730
165	18	0.572485
3249	12	0.797700
3658	8	1.392881
4878	5	0.567207
207	4	0.530014
4406	7	0.099711
878	18	1.207942
3974	14	1.297177
2608	5	1.438224
1971	1	1.248885
1820	5	0.503243
4218	12	0.087584
4397	13	0.915386
2985	19	1.295243
4660	4	0.347558
1225	12	1.111935
1363	6	0.079825
442	8	0.513357
4875	19	0.908424
402	2	1.323721
1593	16	1.092252
3118	2	1.137355
1786	19	1.048429
2566	3	1.290712
1164	18	0.565332
1212	5	0.305006
1931	0	0.047230
2109	9	1.226806
1673	13	0.211219
717	14	0.639677
1142	9	0.970046
4012	14	0.128962
2270	5	0.508099
4188	19	1.463229
3390	3	0.871824
1200	17	1.241177
793	19	1.077536
3472	1	1.487849
1875	3	1.335943
276	1	1.129553
2889	10	0.077141
4263	9	1.224045
1987	9	1.453428
3192	18	0.217627
1305	4	0.854317
4191	13	0.104064
1001	10	0.199658
228	18	0.019708
2391	17	0.285115
4537	13	0.579285
1949	10	1.440421
3764	7	0.891248
1040	14	1.180293
320	2	1.036288
2941	1	1.421623
55	16	0.027165
1507	12	1.306869
4952	3	0.870643
1620	18	0.525253
3336	11	0.764311
1048	0	0.149032
2526	1	0.335933
1184	0	0.450178
3861	12	1.262456
565	18	1.211000
386	17	0.517773
2995	1	0.843143
1483	15	0.731304
1784	11	0.239096
2918	14	0.395154
595	15	0.306192
2459	6	1.346429
3491	1	0.004332
2330	4	0.218463
1637	5	1.025764
2037	4	0.248765
2894	13	1.077693
56	15	0.536805
2983	9	0.760223
4839	7	0.281050
3054	3	0.052893
88	4	1.465860
1166	9	1.270285
4033	10	0.380486
687	5	0.831829
3649	7	1.069845
2528	4	1.027996
1090	2	0.478322
3871	5	1.458789
2698	7	0.956238
3523	18	1.452989
224	14	0.065433
125	16	0.451602
170	7	1.425593
3247	2	0.678597
1146	13	1.498426
243	3	0.984274
2920	17	0.565035
3726	15	0.948206
411	17	0.175749
2347	5	0.261837
1905	18	0.846845
910	12	1.436312
1283	2	0.936914
4235	0	1.498638
2251	15	1.435529
4328	18	0.306665
4102	3	0.881300
2372	15	0.339410
3538	1	0.397068
3470	3	1.044128
1817	5	0.122142
3850	10	1.471244
3696	14	0.924348
3225	18	0.385325
4659	5	0.109377
3968	1	0.910608
3622	1	0.619724
3809	11	0.979086
817	16	0.193743
72	17	0.111766
3842	18	0.442799
1219	14	0.581603
4142	4	0.535557
1339	10	1.081709
3932	14	0.949223
1203	9	0.156839
3570	1	0.291001
928	12	0.399917
4365	10	1.367887
3819	0	1.111270
100	1	0.275798
1565	15	0.837682
310	13	1.232691
971	9	0.354951
523	10	0.505455
2363	16	1.275092
292	3	1.380861
2707	8	0.620010
98	6	1.355969
4231	3	1.326673
1518	9	1.178789
2381	9	1.140449
4219	6	0.450242
82	0	0.403861
770	10	1.212584
3473	15	0.298295
566	7	1.040367
4533	18	0.996043
4838	0	0.658328
665	14	0.352430
4683	5	1.147415
1809	14	1.297290
417	2	1.387871
4017	14	1.325100
2494	2	0.107383
3422	2	0.893020
3919	9	1.119969
1014	18	0.021761
436	8	0.726659
2277	3	0.340198
820	19	1.405828
169	13	1.028198
2663	5	0.495460
2510	12	1.462225
4872	2	0.648003
1175	19	1.220343
698	2	1.038205
3051	4	0.038213
4591	3	0.377147
2049	5	1.215089
2226	4	0.498029
3712	10	0.589361
162	8	0.846576
3893	7	1.076616
3152	1	0.524573
4733	17	0.194824
3449	4	0.314845
834	11	0.244500
4736	0	0.705692
2164	6	1.349354
2381	17	0.300058
125	14	1.274184
1945	3	1.036054
4340	10	0.221347
3149	0	1.239879
236	8	0.310693
4412	19	1.241289
4934	14	0.651562
4406	6	1.327186
3961	6	1.420438
2748	14	0.434039
4396	11	0.487042
1231	1	0.245566
3742	10	0.264179
1150	3	0.063618
2857	19	0.913672
747	15	1.188575
1417	19	1.112288
205	8	0.746811
1307	10	0.450518
1821	0	0.582906
219	11	1.270306
4693	11	1.327454
2508	4	0.356200
1100	16	0.135106
1505	13	1.035088
2199	0	0.612793
4761	0	0.758504
359	17	1.276497
3788	4	0.566619
2656	9	0.696719
4235	19	0.700285
1987	5	0.998926
4978	1	0.973631
662	15	0.097769
2729	15	0.739676
1183	15	0.817922
3683	17	1.140409
3553	14	1.472850
4492	17	0.442758
3639	15	0.277224
4232	15	0.314167
1364	13	0.907787
2856	0	0.211291
2252	16	0.745695
1556	6	0.085682
3150	9	0.142385
3499	6	1.166699
22	9	0.919301
3415	0	0.180217
2347	13	0.183635
599	12	0.646461
4277	14	0.302457
3331	17	0.231775
2824	9	1.252645
1076	1	1.193287
1222	7	1.097787
826	13	0.558607
1728	3	0.005031
3159	16	1.038062
3161	3	1.050622
2667	14	0.588830
1036	10	0.102978
2226	1	0.560672
3663	7	0.888433
3782	7	0.961893
3284	14	0.927583
3098	10	0.189788
4414	7	1.480911
186	19	1.127024
3632	1	0.727739
3909	8	1.013207
3235	10	0.784689
3844	5	0.386024
2084	4	1.076460
3501	3	0.537851
2946	14	0.336685
1533	10	0.578166
1264	16	0.177131
1779	16	1.309966
3860	1	1.089978
4291	4	0.203912
3106	8	0.811771
1107	12	0.516038
4186	8	0.486005
1723	19	1.156177
683	4	0.748957
1878	19	0.761697
3122	7	1.429990
2308	17	0.478744
368	17	0.132584
2378	5	0.467113
1390	5	0.213815
504	7	0.740582
1640	13	0.929680
3232	10	1.475298
2795	6	1.299000
863	6	1.386183
530	10	0.915655
12	1	1.099818
2556	17	1.412792
4071	8	1.219739
4372	19	1.351356
4589	19	0.049701
906	16	0.341026
2642	2	0.304895
1293	0	0.369329
1141	3	1.197103
3878	1	0.282730
2609	12	0.252009
1103	8	1.168597
273	4	0.683665
1157	7	0.032323
2866	17	1.403837
588	14	1.337195
593	16	1.278076
3251	19	0.001762
4347	16	1.366998
620	12	0.724514
1932	16	0.353468
3312	8	0.449437
197	9	0.206284
5	4	0.846481
3347	15	0.431527
741	17	0.163348
3376	11	0.688905
2211	6	0.012256
1382	4	0.797133
3058	19	0.612060
1520	19	1.365416
3329	16	1.296275
3842	5	0.250500
2691	4	0.795843
1962	4	0.684424
4058	8	1.298888
1295	14	1.171428
4672	18	0.216099
3458	18	1.146812
1793	9	0.131087
2017	18	0.440160
3358	9	0.248153
1249	6	0.652985
1429	14	0.968839
1149	14	0.319096
61	12	0.485915
2140	1	0.118635
2126	5	1.205974
2034	3	1.227691
4908	15	0.164911
4340	12	1.177340
1968	1	0.222735
3212	2	1.017442
4774	14	1.254757
561	15	0.819643
4047	4	1.227466
2335	10	1.415282
2758	3	0.608292
1276	17	0.970004
2901	15	1.008536
3710	6	1.325060
1594	17	1.408689
723	12	0.023105
3705	18	1.268650
3938	4	0.953479
78	17	0.504829
3675	7	0.251127
3615	14	0.051363
1936	0	1.476680
2017	8	0.081078
4472	1	1.038478
2815	15	0.458767
4325	18	1.004860
2186	7	0.245597
1217	9	1.392452
4991	10	1.449962
3991	5	0.609563
4545	14	1.300987
1559	18	1.163554
4625	11	1.319894
181	14	0.205384
1565	13	0.841679
1930	14	0.175786
3464	17	0.646579
4611	15	0.007461
2431	2	0.768904
136	3	0.293244
2805	15	0.183375
443	1	0.539120
3626	5	1.167328
4536	1	1.441952
3570	4	0.723698
2168	6	0.314925
4279	7	0.939492
4935	4	0.649459
1258	1	0.127272
2740	9	1.146996
1645	7	1.368712
655	6	0.815975
3454	5	1.420122
3732	16	0.755316
1843	0	1.259925
3470	5	0.521015
1464	6	0.668347
421	13	0.027876
1804	15	1.280739
4495	15	0.079796
2902	17	1.010829
4393	15	0.297189
4065	8	0.342917
508	6	1.147647
3877	2	1.414791
3595	1	0.886434
500	10	0.361103
4235	0	0.958562
227	7	1.251355
1223	12	1.359596
1604	13	0.437916
1508	4	1.454165
158	11	0.395159
230	16	1.477933
2058	5	1.220784
346	3	1.372481
2291	6	0.609960
4012	4	0.461252
4709	9	0.017865
3126	17	1.429704
1946	14	0.684823
5	3	0.391586
4063	9	0.524962
4934	10	1.465165
4844	17	1.429238
3295	18	0.123161
3998	15	1.357777
2560	2	0.709263
2794	1	0.331435
3051	2	1.286299
1697	3	0.935281
4375	15	1.416344
4674	7	0.296311
4435	19	0.479640
4291	5	0.983986
2957	6	0.239191
742	1	1.238409
3823	19	0.903496
4190	12	0.465688
4382	0	1.040537
4792	3	0.829475
1565	11	0.053877
3598	0	1.436606
4810	15	0.285409
4767	9	1.341456
564	5	0.855889
3807	19	0.208291
1215	18	0.619282
4695	13	1.092073
4607	9	1.424887
1084	3	1.030511
1860	3	1.450301
101	3	0.945856
931	15	0.379877
2800	9	1.378742
403	14	1.452624
1402	0	1.329475
3213	7	0.574499
103	18	1.485288
3726	17	0.386569
3745	1	1.429146
638	8	0.864836
2511	14	0.368573
1018	2	0.988266
1532	8	1.223052
1993	0	0.424330
4091	7	0.228530
1556	7	0.322466
4696	11	1.142940
1906	6	1.298751
3458	19	0.808573
3361	8	1.412734
4275	0	0.512018
1165	18	1.096090
4374	18	1.190985
3530	4	1.009180
4291	19	0.211071
3492	18	1.413481
1891	10	1.284423
4400	9	0.216122
975	16	0.721708
4325	3	0.236061
2963	9	0.754135
1693	15	1.034726
1027	10	0.989365
1204	9	0.325683
1834	5	0.702859
430	16	0.829092
400	16	0.653819
968	11	0.476019
3204	8	0.086798
468	9	0.742427
4521	3	1.065979
699	3	0.632130
3970	9	0.312740
3389	15	0.405215
781	10	1.148377
3383	13	0.239676
2441	5	0.749264
2882	8	1.449251
246	18	0.237085
4135	16	1.024185
810	9	0.415294
3907	5	0.254241
527	14	0.134130
4518	6	0.019069
568	18	0.503699
776	12	0.149366
3224	2	0.602087
4992	15	0.975357
690	17	0.387020
777	0	1.450655
1513	15	0.652206
1261	17	1.213679
1671	3	0.026919
4388	2	0.335366
3127	2	1.490805
4288	4	0.246912
4888	7	0.702774
3591	9	1.016472
2138	3	1.418421
169	0	0.786188
1117	6	0.986730
830	1	1.054202
4461	10	0.960652
3725	17	1.456057
114	8	0.687205
2225	16	0.925581
3267	10	1.276960
2505	14	0.299099
4628	10	0.244345
30	19	1.257923
4723	4	0.442090
3978	10	0.838992
1332	9	1.296401
1777	18	1.411848
3646	15	1.014381
2926	1	1.467650
1064	7	0.546078
3238	3	0.014477
4690	3	0.474995
230	4	1.075918
1856	2	0.274795
4590	9	0.388034
1303	15	0.579161
3581	9	0.604534
2097	14	1.365373
3313	4	0.180111
462	2	0.547853
1210	19	1.160247
695	4	0.752194
3846	17	0.424281
4001	6	0.049631
2613	2	1.467141
4248	15	1.129081
3586	19	1.224857
3681	6	0.137122
3317	10	0.650856
191	13	0.871232
649	2	1.298686
1962	16	1.425090
1419	6	0.470702
689	15	1.171974
3139	16	0.005523
4572	16	0.392802
1504	10	0.171319
2261	11	0.306209
354	4	0.984059
3931	16	1.337304
1551	0	0.213766
2196	12	0.589804
3764	19	0.553477
3528	8	0.091436
86	1	0.608041
1386	13	0.300151
764	12	1.159840
484	14	1.090959
973	16	1.056156
799	12	0.865472
330	8	1.436749
1918	3	1.033139
670	5	1.193082
106	15	0.375578
4751	18	1.033935
1224	2	1.158211
2507	5	0.273143
3726	17	0.508389
